Initial Codebook - 
2.499091 -0.953194 0.765500 0.165652 -0.061739 -0.171828 -0.437184 -0.143796 -0.165576 -0.180762 0.173765 0.020221 
1.692296 -0.535198 0.847071 1.044217 0.017916 -0.005591 0.328279 -0.188525 -0.194018 0.005963 -0.024777 -0.132367 
1.474880 -0.501798 0.916617 0.710682 -0.021919 0.104143 0.012862 -0.161289 0.050747 -0.084577 -0.130877 0.004703 
1.742276 -0.606978 1.077458 0.471107 -0.187384 0.134015 0.055797 -0.171071 -0.107698 -0.208027 -0.127471 0.056633 
1.910738 -2.099986 0.309944 0.326013 0.390843 0.487773 0.128639 -0.043934 -0.262221 -0.145765 0.144349 -0.020672 
1.731213 -0.684644 0.759620 0.900635 0.239921 -0.073620 -0.030056 0.038169 0.012449 -0.101156 -0.088177 -0.076622 
1.814731 -1.077541 0.808340 0.995666 -0.168846 -0.026835 0.212617 -0.161871 -0.197841 0.102877 -0.018609 -0.216092 
1.719515 -0.317962 0.971800 0.821007 0.048995 0.054937 0.079237 -0.304921 -0.048176 -0.071802 -0.081809 0.018293 

Iteration number - 1
Updated Codebook -
2.401110 -1.036968 0.520892 0.160070 -0.122356 -0.303155 -0.414610 -0.150176 -0.124529 -0.080909 0.098350 0.011383 
1.865398 -0.815305 0.738609 0.966241 0.093047 0.024613 0.256040 -0.118360 -0.208305 0.000198 0.013027 -0.092063 
1.751192 -0.638392 0.841872 0.607929 0.067625 0.191113 0.052861 -0.109642 0.031388 -0.057382 -0.128504 0.019630 
1.972820 -0.718840 0.970266 0.509729 -0.046345 0.209411 0.060195 -0.131332 -0.072949 -0.165042 -0.099625 0.070235 
1.533891 -1.724056 0.284672 0.511186 0.378380 0.460385 0.174866 -0.120726 -0.182928 0.009480 0.170934 0.009641 
1.201725 -1.034670 0.561231 0.803018 0.351544 0.104103 0.078579 -0.017811 0.025782 0.042857 -0.013347 -0.038978 
1.251042 -1.542474 0.411273 1.046562 0.264320 0.192655 0.204624 -0.180078 -0.076619 0.235594 0.131278 -0.113125 
1.970086 -0.426945 0.935091 0.718526 0.068043 0.139097 0.084349 -0.261534 -0.102622 -0.042200 -0.093391 -0.008607 
Distortion - 8.337377

Iteration number - 2
Updated Codebook -
2.400663 -1.046468 0.514113 0.161249 -0.123410 -0.308887 -0.415777 -0.151919 -0.126221 -0.078658 0.096881 0.008956 
2.084832 -0.701746 0.792641 0.931875 0.020676 -0.009695 0.233499 -0.114738 -0.226934 -0.015766 -0.017528 -0.119761 
1.802288 -0.609336 0.864975 0.628959 0.118343 0.203631 0.036339 -0.090864 0.056301 -0.064109 -0.141234 0.024360 
1.987767 -0.699150 0.948596 0.550565 -0.012560 0.189739 0.003854 -0.124270 -0.038590 -0.169944 -0.099863 0.077062 
1.646473 -1.746121 0.281106 0.481138 0.381332 0.496090 0.173121 -0.126794 -0.215583 -0.021286 0.182603 0.013957 
0.752178 -0.843759 0.353623 0.357725 0.319867 0.161043 0.173750 0.035702 0.035311 0.090124 0.011022 -0.033882 
0.963087 -1.814886 0.296411 1.092585 0.401472 0.240376 0.202283 -0.156984 -0.027896 0.245131 0.168779 -0.058938 
1.947307 -0.512355 0.967908 0.752659 0.027307 0.127231 0.086481 -0.243686 -0.099319 -0.031173 -0.106877 -0.038340 
Distortion - 4.754261

Iteration number - 3
Updated Codebook -
2.409118 -1.049360 0.514228 0.163733 -0.125604 -0.312066 -0.418235 -0.153473 -0.127938 -0.078737 0.097858 0.007989 
2.086921 -0.699184 0.790059 0.931032 0.019377 -0.011742 0.226913 -0.115869 -0.223287 -0.017351 -0.021188 -0.119906 
1.814413 -0.626136 0.884173 0.696934 0.163132 0.190507 0.009841 -0.097988 0.058468 -0.078688 -0.149468 0.014742 
1.993196 -0.646661 0.926740 0.561225 0.010655 0.174093 -0.033352 -0.138635 -0.022080 -0.170606 -0.106344 0.084317 
1.677456 -1.808322 0.286380 0.509336 0.390850 0.507242 0.162837 -0.139402 -0.230078 -0.030989 0.191390 0.017631 
0.871704 -0.633966 0.286134 0.090294 0.281838 0.215496 0.251690 0.067495 0.022902 0.099533 0.015316 -0.022062 
0.966587 -1.824196 0.322915 1.078497 0.405708 0.252150 0.190205 -0.151026 -0.017335 0.234952 0.164708 -0.048225 
1.915057 -0.572730 0.967561 0.766516 0.003023 0.140929 0.099508 -0.220658 -0.085919 -0.027878 -0.116562 -0.044535 
Distortion - 3.935762

Iteration number - 4
Updated Codebook -
2.410250 -1.052258 0.512372 0.163390 -0.126700 -0.313632 -0.418488 -0.153878 -0.128850 -0.078464 0.098463 0.007905 
2.094771 -0.685848 0.782505 0.930935 0.028448 -0.018568 0.223516 -0.118405 -0.225306 -0.017284 -0.019311 -0.120294 
1.828608 -0.635834 0.865229 0.723839 0.186297 0.177301 -0.000936 -0.097343 0.058101 -0.081193 -0.152613 0.007522 
1.998771 -0.618210 0.922214 0.552091 0.022111 0.167914 -0.051501 -0.144049 -0.017296 -0.169929 -0.105693 0.085379 
1.672942 -1.845058 0.286533 0.514973 0.400726 0.505416 0.149253 -0.144577 -0.234605 -0.038171 0.192174 0.017516 
0.951363 -0.625420 0.285526 0.088325 0.256100 0.245310 0.284548 0.067294 0.008676 0.098903 0.026913 -0.013519 
0.966907 -1.819840 0.328398 1.072107 0.406611 0.254597 0.188769 -0.149790 -0.015601 0.233890 0.163964 -0.046867 
1.900807 -0.607257 0.974493 0.765001 -0.011325 0.156778 0.113324 -0.207884 -0.080778 -0.026966 -0.117424 -0.043833 
Distortion - 3.757327

Iteration number - 5
Updated Codebook -
2.410800 -1.054171 0.510933 0.163404 -0.127446 -0.314679 -0.418562 -0.154529 -0.129683 -0.078129 0.098622 0.007526 
2.099615 -0.679429 0.778040 0.932073 0.032413 -0.021158 0.220363 -0.119969 -0.224747 -0.017517 -0.020674 -0.120683 
1.836717 -0.646693 0.859498 0.737028 0.194897 0.169670 -0.007057 -0.095043 0.058495 -0.082119 -0.156517 0.004178 
1.998559 -0.607827 0.921136 0.545396 0.025738 0.165703 -0.059589 -0.144886 -0.013953 -0.168968 -0.104268 0.085136 
1.673749 -1.854549 0.288902 0.515815 0.402783 0.504599 0.146286 -0.145968 -0.235153 -0.039335 0.192440 0.017555 
0.967660 -0.625127 0.281234 0.095104 0.254215 0.253603 0.291190 0.065694 0.003875 0.098828 0.029653 -0.012815 
0.967949 -1.819550 0.328585 1.071558 0.406522 0.255050 0.188524 -0.149823 -0.015555 0.233609 0.163857 -0.046644 
1.889006 -0.616772 0.979205 0.759540 -0.015653 0.164018 0.118956 -0.202938 -0.078518 -0.028143 -0.115849 -0.040733 
Distortion - 3.734918

Iteration number - 6
Updated Codebook -
2.411676 -1.056397 0.509056 0.163317 -0.128263 -0.316195 -0.418684 -0.154780 -0.130396 -0.077783 0.098776 0.007268 
2.101874 -0.674009 0.777907 0.931576 0.034076 -0.023321 0.217847 -0.122463 -0.225311 -0.016950 -0.020735 -0.121493 
1.846182 -0.653153 0.853323 0.749052 0.199361 0.159696 -0.012613 -0.094867 0.058188 -0.084659 -0.161625 0.001356 
1.999324 -0.602020 0.918425 0.542901 0.027900 0.161824 -0.066286 -0.146378 -0.013173 -0.168545 -0.102849 0.084411 
1.674503 -1.860636 0.290727 0.516734 0.404029 0.504082 0.143800 -0.146605 -0.235237 -0.039971 0.192539 0.017583 
0.981787 -0.626054 0.280352 0.100699 0.253284 0.258926 0.295083 0.064153 0.000136 0.097990 0.031908 -0.012217 
0.966848 -1.819696 0.329040 1.071448 0.406628 0.255096 0.188092 -0.149911 -0.015255 0.233585 0.163738 -0.046688 
1.883166 -0.623891 0.981810 0.754998 -0.017859 0.171758 0.124417 -0.198161 -0.076094 -0.028623 -0.114416 -0.037842 
Distortion - 3.730566

Iteration number - 7
Updated Codebook -
2.411868 -1.056837 0.508583 0.163287 -0.128298 -0.316472 -0.418849 -0.154920 -0.130480 -0.077699 0.098747 0.007245 
2.102045 -0.673799 0.778800 0.931666 0.033551 -0.024605 0.217247 -0.123553 -0.226161 -0.016785 -0.020294 -0.121744 
1.851328 -0.653202 0.848846 0.756370 0.198625 0.153307 -0.014623 -0.095755 0.057185 -0.084282 -0.164695 -0.001372 
2.003202 -0.598214 0.917422 0.541490 0.029951 0.160769 -0.071713 -0.147473 -0.012272 -0.169074 -0.101894 0.084912 
1.674503 -1.860636 0.290727 0.516734 0.404029 0.504082 0.143800 -0.146605 -0.235237 -0.039971 0.192539 0.017583 
0.984059 -0.625505 0.281946 0.102306 0.253904 0.259583 0.294657 0.063653 0.000273 0.098281 0.032017 -0.012073 
0.966523 -1.820822 0.328891 1.071891 0.406624 0.254886 0.188128 -0.150014 -0.015295 0.233586 0.163706 -0.046717 
1.880748 -0.626909 0.982306 0.750580 -0.018250 0.175173 0.127350 -0.194960 -0.075574 -0.030439 -0.113127 -0.035730 
Distortion - 3.728267

Iteration number - 8
Updated Codebook -
2.411957 -1.057364 0.508229 0.163362 -0.128493 -0.316845 -0.418922 -0.155003 -0.130565 -0.077612 0.098719 0.007211 
2.101944 -0.673403 0.778460 0.932521 0.033644 -0.024984 0.217409 -0.123687 -0.226474 -0.016446 -0.019978 -0.122040 
1.858024 -0.663484 0.846511 0.765244 0.194363 0.147702 -0.019608 -0.097293 0.057167 -0.085555 -0.167945 -0.004285 
2.005765 -0.595222 0.916664 0.539595 0.032155 0.160364 -0.073927 -0.147602 -0.012254 -0.168816 -0.101036 0.084797 
1.674503 -1.860636 0.290727 0.516734 0.404029 0.504082 0.143800 -0.146605 -0.235237 -0.039971 0.192539 0.017583 
0.988231 -0.623242 0.285329 0.104734 0.254368 0.259986 0.294329 0.063248 0.000637 0.098118 0.031759 -0.011466 
0.966523 -1.820822 0.328891 1.071891 0.406624 0.254886 0.188128 -0.150014 -0.015295 0.233586 0.163706 -0.046717 
1.878416 -0.625834 0.982924 0.747264 -0.017753 0.176704 0.129500 -0.193728 -0.075849 -0.031317 -0.112212 -0.034372 
Distortion - 3.727440

Iteration number - 9
Updated Codebook -
2.411055 -1.056974 0.508514 0.163335 -0.128116 -0.316619 -0.418836 -0.154692 -0.130335 -0.077539 0.098667 0.007128 
2.101148 -0.673128 0.779290 0.932607 0.033349 -0.025403 0.217579 -0.124015 -0.226850 -0.016328 -0.019532 -0.122029 
1.867458 -0.665095 0.843063 0.771774 0.190014 0.143201 -0.019980 -0.099041 0.055004 -0.085858 -0.170434 -0.005191 
2.005234 -0.593132 0.917671 0.536937 0.033464 0.161799 -0.074757 -0.147224 -0.012262 -0.168787 -0.099811 0.084547 
1.674503 -1.860636 0.290727 0.516734 0.404029 0.504082 0.143800 -0.146605 -0.235237 -0.039971 0.192539 0.017583 
0.988231 -0.623242 0.285329 0.104734 0.254368 0.259986 0.294329 0.063248 0.000637 0.098118 0.031759 -0.011466 
0.966523 -1.820822 0.328891 1.071891 0.406624 0.254886 0.188128 -0.150014 -0.015295 0.233586 0.163706 -0.046717 
1.876957 -0.626325 0.983477 0.745572 -0.017739 0.178232 0.130685 -0.193558 -0.075658 -0.031742 -0.111697 -0.033428 
Distortion - 3.726817

Iteration number - 10
Updated Codebook -
2.411055 -1.056974 0.508514 0.163335 -0.128116 -0.316619 -0.418836 -0.154692 -0.130335 -0.077539 0.098667 0.007128 
2.101160 -0.673054 0.779791 0.932437 0.033127 -0.025493 0.217606 -0.124167 -0.227010 -0.016436 -0.019594 -0.122040 
1.873728 -0.676430 0.843410 0.787522 0.181064 0.137011 -0.025597 -0.100936 0.054440 -0.087594 -0.173867 -0.008228 
2.002827 -0.592369 0.917620 0.535608 0.034876 0.162764 -0.075369 -0.146314 -0.011173 -0.168746 -0.098981 0.084886 
1.674503 -1.860636 0.290727 0.516734 0.404029 0.504082 0.143800 -0.146605 -0.235237 -0.039971 0.192539 0.017583 
0.993159 -0.621184 0.287747 0.106413 0.255072 0.259923 0.294215 0.062479 0.000685 0.097972 0.030347 -0.011457 
0.966523 -1.820822 0.328891 1.071891 0.406624 0.254886 0.188128 -0.150014 -0.015295 0.233586 0.163706 -0.046717 
1.875928 -0.622767 0.983417 0.739866 -0.014969 0.180272 0.132365 -0.193214 -0.075789 -0.031685 -0.110282 -0.031911 
Distortion - 3.726392

Iteration number - 11
Updated Codebook -
2.411055 -1.056974 0.508514 0.163335 -0.128116 -0.316619 -0.418836 -0.154692 -0.130335 -0.077539 0.098667 0.007128 
2.101361 -0.673911 0.780565 0.932796 0.032535 -0.026551 0.216902 -0.124567 -0.226985 -0.016640 -0.019932 -0.122442 
1.878841 -0.675169 0.846765 0.798736 0.172172 0.130307 -0.026664 -0.104070 0.050930 -0.087324 -0.177542 -0.011898 
2.002532 -0.592495 0.915674 0.534377 0.035196 0.163417 -0.077091 -0.146192 -0.010204 -0.168653 -0.098275 0.085015 
1.674503 -1.860636 0.290727 0.516734 0.404029 0.504082 0.143800 -0.146605 -0.235237 -0.039971 0.192539 0.017583 
0.990914 -0.623309 0.289141 0.107335 0.255951 0.260463 0.293407 0.062786 0.002355 0.098327 0.029769 -0.011183 
0.967156 -1.821357 0.328480 1.072451 0.406326 0.254848 0.188272 -0.150140 -0.015521 0.233624 0.163826 -0.046826 
1.875064 -0.621006 0.983570 0.732849 -0.012953 0.184181 0.136199 -0.192760 -0.077346 -0.031736 -0.107026 -0.029650 
Distortion - 3.725032

Iteration number - 12
Updated Codebook -
2.411230 -1.057526 0.508027 0.163358 -0.128223 -0.316818 -0.418916 -0.154992 -0.130570 -0.077456 0.098616 0.006956 
2.101042 -0.674067 0.781553 0.932885 0.032396 -0.027327 0.216687 -0.125049 -0.227227 -0.016298 -0.020002 -0.122760 
1.882812 -0.676798 0.852946 0.809412 0.162266 0.125454 -0.024967 -0.105544 0.047738 -0.085218 -0.179918 -0.016086 
2.003391 -0.591516 0.915952 0.532770 0.035623 0.162228 -0.080407 -0.145365 -0.008656 -0.168982 -0.097923 0.085161 
1.674503 -1.860636 0.290727 0.516734 0.404029 0.504082 0.143800 -0.146605 -0.235237 -0.039971 0.192539 0.017583 
0.992290 -0.622735 0.289863 0.107936 0.255964 0.260498 0.293509 0.062640 0.002445 0.098043 0.029373 -0.010896 
0.967156 -1.821357 0.328480 1.072451 0.406326 0.254848 0.188272 -0.150140 -0.015521 0.233624 0.163826 -0.046826 
1.874606 -0.619602 0.981671 0.725711 -0.011713 0.188241 0.139134 -0.193259 -0.079009 -0.032731 -0.103770 -0.027065 
Distortion - 3.723523

Iteration number - 13
Updated Codebook -
2.411230 -1.057526 0.508027 0.163358 -0.128223 -0.316818 -0.418916 -0.154992 -0.130570 -0.077456 0.098616 0.006956 
2.099751 -0.674018 0.782605 0.932437 0.030939 -0.027494 0.217114 -0.125545 -0.228091 -0.015992 -0.019588 -0.122968 
1.890413 -0.675671 0.852522 0.816925 0.156042 0.122030 -0.019819 -0.107045 0.043882 -0.081677 -0.181505 -0.020297 
2.001055 -0.595087 0.915483 0.532264 0.037192 0.160639 -0.083534 -0.142533 -0.005353 -0.170131 -0.098844 0.085933 
1.674503 -1.860636 0.290727 0.516734 0.404029 0.504082 0.143800 -0.146605 -0.235237 -0.039971 0.192539 0.017583 
0.992290 -0.622735 0.289863 0.107936 0.255964 0.260498 0.293509 0.062640 0.002445 0.098043 0.029373 -0.010896 
0.967156 -1.821357 0.328480 1.072451 0.406326 0.254848 0.188272 -0.150140 -0.015521 0.233624 0.163826 -0.046826 
1.875356 -0.616815 0.982167 0.719751 -0.010758 0.191217 0.139401 -0.194740 -0.080800 -0.034446 -0.100684 -0.024635 
Distortion - 3.721946

Iteration number - 14
Updated Codebook -
2.411230 -1.057526 0.508027 0.163358 -0.128223 -0.316818 -0.418916 -0.154992 -0.130570 -0.077456 0.098616 0.006956 
2.097230 -0.676398 0.785831 0.931975 0.029142 -0.026649 0.217579 -0.125556 -0.228091 -0.016000 -0.019909 -0.122908 
1.895710 -0.675427 0.850814 0.823708 0.148585 0.119960 -0.013331 -0.108031 0.039888 -0.078425 -0.183017 -0.023552 
1.998204 -0.598315 0.915637 0.532507 0.041143 0.159939 -0.088938 -0.139510 -0.000950 -0.171334 -0.099291 0.086244 
1.674503 -1.860636 0.290727 0.516734 0.404029 0.504082 0.143800 -0.146605 -0.235237 -0.039971 0.192539 0.017583 
0.991358 -0.623395 0.288797 0.106809 0.255854 0.260047 0.293549 0.062850 0.002321 0.098117 0.029288 -0.011183 
0.967156 -1.821357 0.328480 1.072451 0.406326 0.254848 0.188272 -0.150140 -0.015521 0.233624 0.163826 -0.046826 
1.876192 -0.611041 0.981775 0.712115 -0.008976 0.193915 0.138580 -0.196863 -0.081571 -0.036176 -0.098200 -0.021418 
Distortion - 3.720635

Iteration number - 15
Updated Codebook -
2.412132 -1.057917 0.507741 0.163385 -0.128600 -0.317045 -0.419003 -0.155304 -0.130801 -0.077529 0.098667 0.007038 
2.094391 -0.681040 0.788919 0.931528 0.026453 -0.025380 0.219123 -0.125166 -0.228651 -0.015701 -0.018933 -0.123025 
1.901624 -0.672166 0.845097 0.830839 0.145497 0.116543 -0.007115 -0.109925 0.034730 -0.074880 -0.183712 -0.027469 
1.993543 -0.602763 0.919718 0.533526 0.045020 0.157638 -0.093977 -0.134904 0.004263 -0.172436 -0.101130 0.085557 
1.674503 -1.860636 0.290727 0.516734 0.404029 0.504082 0.143800 -0.146605 -0.235237 -0.039971 0.192539 0.017583 
0.991358 -0.623395 0.288797 0.106809 0.255854 0.260047 0.293549 0.062850 0.002321 0.098117 0.029288 -0.011183 
0.967156 -1.821357 0.328480 1.072451 0.406326 0.254848 0.188272 -0.150140 -0.015521 0.233624 0.163826 -0.046826 
1.878228 -0.606006 0.978983 0.707890 -0.006842 0.195324 0.136776 -0.198495 -0.081678 -0.037481 -0.097151 -0.019125 
Distortion - 3.719086

Iteration number - 16
Updated Codebook -
2.412628 -1.059027 0.507459 0.162931 -0.129009 -0.317338 -0.418945 -0.155607 -0.131245 -0.077429 0.098847 0.006937 
2.092664 -0.682971 0.792955 0.930946 0.023977 -0.024855 0.220248 -0.125771 -0.229319 -0.015519 -0.018579 -0.123049 
1.911703 -0.667789 0.836403 0.838582 0.140345 0.114393 0.003019 -0.111469 0.028510 -0.070172 -0.183972 -0.031210 
1.986470 -0.610729 0.921271 0.537044 0.052957 0.155909 -0.100730 -0.128741 0.011886 -0.173717 -0.103158 0.084966 
1.674503 -1.860636 0.290727 0.516734 0.404029 0.504082 0.143800 -0.146605 -0.235237 -0.039971 0.192539 0.017583 
0.989328 -0.624429 0.287967 0.106019 0.255797 0.259672 0.293477 0.063105 0.002534 0.098258 0.029270 -0.011230 
0.967156 -1.821357 0.328480 1.072451 0.406326 0.254848 0.188272 -0.150140 -0.015521 0.233624 0.163826 -0.046826 
1.879041 -0.601117 0.977322 0.703595 -0.005493 0.196072 0.134289 -0.200174 -0.082132 -0.038673 -0.096126 -0.017503 
Distortion - 3.717172

Iteration number - 17
Updated Codebook -
2.412770 -1.059434 0.507190 0.162791 -0.129134 -0.317479 -0.419082 -0.155924 -0.131435 -0.077324 0.098824 0.006838 
2.091357 -0.684386 0.796588 0.929432 0.022331 -0.024046 0.221790 -0.125912 -0.229995 -0.015349 -0.017883 -0.122935 
1.921239 -0.663731 0.826408 0.845472 0.136556 0.113808 0.010265 -0.114128 0.022686 -0.064640 -0.183393 -0.036348 
1.978377 -0.619057 0.927651 0.536678 0.060106 0.153550 -0.107848 -0.120704 0.020072 -0.175767 -0.105072 0.085050 
1.674503 -1.860636 0.290727 0.516734 0.404029 0.504082 0.143800 -0.146605 -0.235237 -0.039971 0.192539 0.017583 
0.988691 -0.624542 0.287194 0.106391 0.255902 0.259883 0.294639 0.063014 0.002091 0.098452 0.029391 -0.011196 
0.967156 -1.821357 0.328480 1.072451 0.406326 0.254848 0.188272 -0.150140 -0.015521 0.233624 0.163826 -0.046826 
1.881137 -0.597025 0.974215 0.698593 -0.005533 0.195986 0.130147 -0.201958 -0.082129 -0.042024 -0.095494 -0.013809 
Distortion - 3.714412

Iteration number - 18
Updated Codebook -
2.413113 -1.059759 0.506743 0.162538 -0.129316 -0.317672 -0.419164 -0.155987 -0.131572 -0.077373 0.098845 0.006857 
2.090203 -0.685305 0.799688 0.928821 0.021138 -0.024290 0.222988 -0.126380 -0.230899 -0.015224 -0.016972 -0.122636 
1.934519 -0.661827 0.815439 0.851622 0.135430 0.113836 0.015563 -0.115126 0.018403 -0.060331 -0.183684 -0.040878 
1.971361 -0.627585 0.931988 0.538159 0.067265 0.151066 -0.112193 -0.114257 0.026133 -0.176829 -0.106138 0.084872 
1.674503 -1.860636 0.290727 0.516734 0.404029 0.504082 0.143800 -0.146605 -0.235237 -0.039971 0.192539 0.017583 
0.987999 -0.625260 0.285808 0.105582 0.256056 0.259352 0.294752 0.063211 0.001893 0.098580 0.029220 -0.011524 
0.967156 -1.821357 0.328480 1.072451 0.406326 0.254848 0.188272 -0.150140 -0.015521 0.233624 0.163826 -0.046826 
1.881049 -0.593134 0.971805 0.696394 -0.005694 0.195433 0.126119 -0.202686 -0.081262 -0.044576 -0.095765 -0.011588 
Distortion - 3.711524

Iteration number - 19
Updated Codebook -
2.414006 -1.060450 0.506198 0.162696 -0.129761 -0.318120 -0.419318 -0.156479 -0.131955 -0.077259 0.098886 0.006687 
2.089079 -0.686150 0.800707 0.927887 0.021103 -0.022621 0.224348 -0.126418 -0.231303 -0.014496 -0.015920 -0.122493 
1.944469 -0.658841 0.809035 0.858708 0.132522 0.110495 0.019346 -0.118205 0.013031 -0.056970 -0.183475 -0.045401 
1.962564 -0.631423 0.932512 0.539274 0.073753 0.148841 -0.115395 -0.108902 0.031418 -0.176993 -0.107352 0.084551 
1.674503 -1.860636 0.290727 0.516734 0.404029 0.504082 0.143800 -0.146605 -0.235237 -0.039971 0.192539 0.017583 
0.987999 -0.625260 0.285808 0.105582 0.256056 0.259352 0.294752 0.063211 0.001893 0.098580 0.029220 -0.011524 
0.967156 -1.821357 0.328480 1.072451 0.406326 0.254848 0.188272 -0.150140 -0.015521 0.233624 0.163826 -0.046826 
1.883161 -0.592550 0.971975 0.693099 -0.006701 0.195308 0.123293 -0.202727 -0.080601 -0.047082 -0.096076 -0.009419 
Distortion - 3.709900

Iteration number - 20
Updated Codebook -
2.414006 -1.060450 0.506198 0.162696 -0.129761 -0.318120 -0.419318 -0.156479 -0.131955 -0.077259 0.098886 0.006687 
2.088140 -0.686493 0.801926 0.928186 0.019746 -0.022660 0.225056 -0.126406 -0.231637 -0.014512 -0.015648 -0.122373 
1.950014 -0.656491 0.802303 0.863460 0.134799 0.109594 0.022291 -0.119580 0.009801 -0.053009 -0.183468 -0.050862 
1.959869 -0.636168 0.931591 0.546453 0.076267 0.145925 -0.115206 -0.107228 0.034008 -0.175884 -0.110123 0.083749 
1.674503 -1.860636 0.290727 0.516734 0.404029 0.504082 0.143800 -0.146605 -0.235237 -0.039971 0.192539 0.017583 
0.986604 -0.625844 0.285073 0.104972 0.256043 0.259315 0.294652 0.063359 0.001801 0.098867 0.029619 -0.011815 
0.967156 -1.821357 0.328480 1.072451 0.406326 0.254848 0.188272 -0.150140 -0.015521 0.233624 0.163826 -0.046826 
1.883457 -0.591311 0.971216 0.691556 -0.005962 0.195974 0.122384 -0.202094 -0.079964 -0.048252 -0.096154 -0.008305 
Distortion - 3.708624

Iteration number - 21
Updated Codebook -
2.414006 -1.060450 0.506198 0.162696 -0.129761 -0.318120 -0.419318 -0.156479 -0.131955 -0.077259 0.098886 0.006687 
2.087932 -0.688415 0.804521 0.927626 0.018502 -0.022356 0.226050 -0.126278 -0.232166 -0.014637 -0.015559 -0.122245 
1.956872 -0.654277 0.794127 0.870225 0.134732 0.109021 0.024309 -0.121801 0.006023 -0.047721 -0.182539 -0.057711 
1.956353 -0.639419 0.933664 0.552910 0.077213 0.144797 -0.111851 -0.106232 0.034827 -0.174785 -0.112263 0.083087 
1.674503 -1.860636 0.290727 0.516734 0.404029 0.504082 0.143800 -0.146605 -0.235237 -0.039971 0.192539 0.017583 
0.986604 -0.625844 0.285073 0.104972 0.256043 0.259315 0.294652 0.063359 0.001801 0.098867 0.029619 -0.011815 
0.967156 -1.821357 0.328480 1.072451 0.406326 0.254848 0.188272 -0.150140 -0.015521 0.233624 0.163826 -0.046826 
1.882398 -0.588824 0.970299 0.689358 -0.005438 0.196188 0.121712 -0.202371 -0.079616 -0.049213 -0.095745 -0.006924 
Distortion - 3.707687

Iteration number - 22
Updated Codebook -
2.413970 -1.060138 0.506481 0.162826 -0.129595 -0.317935 -0.419217 -0.156263 -0.131852 -0.077411 0.098882 0.006755 
2.088204 -0.689283 0.806542 0.926757 0.017277 -0.021678 0.226701 -0.126352 -0.232703 -0.014835 -0.015609 -0.122047 
1.958974 -0.651971 0.787015 0.876149 0.135361 0.106640 0.027334 -0.123288 0.002227 -0.044493 -0.182210 -0.063151 
1.953893 -0.640490 0.934368 0.559539 0.078354 0.144420 -0.109585 -0.106568 0.035950 -0.172956 -0.114365 0.082100 
1.674503 -1.860636 0.290727 0.516734 0.404029 0.504082 0.143800 -0.146605 -0.235237 -0.039971 0.192539 0.017583 
0.986604 -0.625844 0.285073 0.104972 0.256043 0.259315 0.294652 0.063359 0.001801 0.098867 0.029619 -0.011815 
0.967156 -1.821357 0.328480 1.072451 0.406326 0.254848 0.188272 -0.150140 -0.015521 0.233624 0.163826 -0.046826 
1.882172 -0.588460 0.969749 0.688433 -0.005011 0.196790 0.121530 -0.202189 -0.079148 -0.049351 -0.095495 -0.006318 
Distortion - 3.706696

Iteration number - 23
Updated Codebook -
2.413113 -1.059759 0.506743 0.162538 -0.129316 -0.317672 -0.419164 -0.155987 -0.131572 -0.077373 0.098845 0.006857 
2.086798 -0.691372 0.807927 0.925400 0.015151 -0.019854 0.228813 -0.126903 -0.234103 -0.014275 -0.013808 -0.121839 
1.971012 -0.650386 0.779690 0.883829 0.134033 0.102370 0.032197 -0.124880 -0.004824 -0.040942 -0.182130 -0.069513 
1.950591 -0.641031 0.933811 0.567533 0.080308 0.143518 -0.106962 -0.106093 0.036740 -0.171881 -0.116130 0.080822 
1.674503 -1.860636 0.290727 0.516734 0.404029 0.504082 0.143800 -0.146605 -0.235237 -0.039971 0.192539 0.017583 
0.986604 -0.625844 0.285073 0.104972 0.256043 0.259315 0.294652 0.063359 0.001801 0.098867 0.029619 -0.011815 
0.967156 -1.821357 0.328480 1.072451 0.406326 0.254848 0.188272 -0.150140 -0.015521 0.233624 0.163826 -0.046826 
1.881715 -0.587500 0.970311 0.687650 -0.004400 0.196303 0.120800 -0.202145 -0.078481 -0.049619 -0.095584 -0.005946 
Distortion - 3.705910

Iteration number - 24
Updated Codebook -
2.412828 -1.058782 0.507576 0.162494 -0.129083 -0.317017 -0.418924 -0.155761 -0.131401 -0.077545 0.098903 0.006915 
2.087741 -0.692915 0.808910 0.924234 0.013839 -0.017971 0.230238 -0.127574 -0.235260 -0.013734 -0.012765 -0.121540 
1.975414 -0.642740 0.778595 0.891493 0.132231 0.096163 0.035895 -0.126538 -0.009873 -0.037755 -0.181823 -0.074992 
1.946297 -0.644692 0.931320 0.574068 0.082657 0.143362 -0.104963 -0.106047 0.037903 -0.170455 -0.118172 0.079683 
1.674503 -1.860636 0.290727 0.516734 0.404029 0.504082 0.143800 -0.146605 -0.235237 -0.039971 0.192539 0.017583 
0.986604 -0.625844 0.285073 0.104972 0.256043 0.259315 0.294652 0.063359 0.001801 0.098867 0.029619 -0.011815 
0.967156 -1.821357 0.328480 1.072451 0.406326 0.254848 0.188272 -0.150140 -0.015521 0.233624 0.163826 -0.046826 
1.881691 -0.587684 0.970153 0.685632 -0.004062 0.196994 0.119972 -0.201479 -0.077632 -0.050660 -0.095665 -0.004901 
Distortion - 3.704681

Iteration number - 25
Updated Codebook -
2.412266 -1.057994 0.508490 0.162777 -0.128865 -0.316545 -0.418675 -0.155556 -0.131174 -0.077578 0.098910 0.006922 
2.087461 -0.692742 0.808811 0.924141 0.012830 -0.017554 0.231524 -0.128131 -0.236586 -0.013384 -0.011483 -0.121290 
1.984654 -0.645569 0.769845 0.897418 0.132908 0.091729 0.040366 -0.124964 -0.015444 -0.035365 -0.179867 -0.080816 
1.941330 -0.644921 0.932925 0.579754 0.084268 0.142805 -0.103252 -0.106002 0.039289 -0.169319 -0.121089 0.078624 
1.674503 -1.860636 0.290727 0.516734 0.404029 0.504082 0.143800 -0.146605 -0.235237 -0.039971 0.192539 0.017583 
0.986604 -0.625844 0.285073 0.104972 0.256043 0.259315 0.294652 0.063359 0.001801 0.098867 0.029619 -0.011815 
0.967156 -1.821357 0.328480 1.072451 0.406326 0.254848 0.188272 -0.150140 -0.015521 0.233624 0.163826 -0.046826 
1.883068 -0.587384 0.969523 0.685972 -0.003759 0.196926 0.119172 -0.201551 -0.077118 -0.050889 -0.096063 -0.004688 
Distortion - 3.703751

Iteration number - 26
Updated Codebook -
2.412124 -1.057590 0.508756 0.162916 -0.128741 -0.316405 -0.418539 -0.155240 -0.130985 -0.077684 0.098933 0.007021 
2.087212 -0.692288 0.808933 0.923373 0.011329 -0.016934 0.233154 -0.129040 -0.238410 -0.013143 -0.009630 -0.120771 
1.994213 -0.650936 0.768947 0.904180 0.132024 0.086681 0.045390 -0.122040 -0.021225 -0.033760 -0.178336 -0.085979 
1.938312 -0.644303 0.931575 0.583384 0.084721 0.143610 -0.100949 -0.106988 0.039706 -0.167821 -0.122568 0.077826 
1.674503 -1.860636 0.290727 0.516734 0.404029 0.504082 0.143800 -0.146605 -0.235237 -0.039971 0.192539 0.017583 
0.986604 -0.625844 0.285073 0.104972 0.256043 0.259315 0.294652 0.063359 0.001801 0.098867 0.029619 -0.011815 
0.967156 -1.821357 0.328480 1.072451 0.406326 0.254848 0.188272 -0.150140 -0.015521 0.233624 0.163826 -0.046826 
1.882543 -0.586406 0.969528 0.685633 -0.003470 0.196498 0.118680 -0.202160 -0.077082 -0.050791 -0.095983 -0.004828 
Distortion - 3.702818

Iteration number - 27
Updated Codebook -
2.411950 -1.056987 0.509053 0.162833 -0.128573 -0.316015 -0.418497 -0.155229 -0.130862 -0.077742 0.098920 0.007052 
2.086873 -0.694261 0.810325 0.922688 0.010051 -0.016980 0.233594 -0.129056 -0.239066 -0.012845 -0.009281 -0.120825 
2.001404 -0.653269 0.761840 0.908660 0.129911 0.086214 0.048219 -0.121298 -0.025105 -0.032797 -0.176201 -0.088656 
1.935495 -0.643559 0.932474 0.586387 0.086456 0.143600 -0.099963 -0.107233 0.040859 -0.166923 -0.124106 0.077112 
1.674503 -1.860636 0.290727 0.516734 0.404029 0.504082 0.143800 -0.146605 -0.235237 -0.039971 0.192539 0.017583 
0.986604 -0.625844 0.285073 0.104972 0.256043 0.259315 0.294652 0.063359 0.001801 0.098867 0.029619 -0.011815 
0.967156 -1.821357 0.328480 1.072451 0.406326 0.254848 0.188272 -0.150140 -0.015521 0.233624 0.163826 -0.046826 
1.882342 -0.584955 0.969604 0.685737 -0.002719 0.195692 0.118732 -0.202321 -0.077088 -0.050883 -0.096128 -0.004690 
Distortion - 3.702071

Iteration number - 28
Updated Codebook -
2.411794 -1.056513 0.509364 0.162755 -0.128430 -0.315667 -0.418484 -0.155243 -0.130729 -0.077820 0.098857 0.007113 
2.085701 -0.693950 0.811281 0.922693 0.009600 -0.017152 0.233893 -0.129393 -0.239310 -0.012683 -0.009043 -0.120712 
2.011098 -0.655670 0.756967 0.911931 0.128683 0.085310 0.050817 -0.118564 -0.028021 -0.032188 -0.175182 -0.090976 
1.932602 -0.643770 0.932768 0.588362 0.087847 0.143527 -0.099350 -0.107561 0.041476 -0.166255 -0.125077 0.076556 
1.674503 -1.860636 0.290727 0.516734 0.404029 0.504082 0.143800 -0.146605 -0.235237 -0.039971 0.192539 0.017583 
0.986604 -0.625844 0.285073 0.104972 0.256043 0.259315 0.294652 0.063359 0.001801 0.098867 0.029619 -0.011815 
0.967156 -1.821357 0.328480 1.072451 0.406326 0.254848 0.188272 -0.150140 -0.015521 0.233624 0.163826 -0.046826 
1.881866 -0.584628 0.969148 0.686149 -0.002197 0.195325 0.118115 -0.202618 -0.076618 -0.050978 -0.096485 -0.004646 
Distortion - 3.701724

Iteration number - 29
Updated Codebook -
2.411794 -1.056513 0.509364 0.162755 -0.128430 -0.315667 -0.418484 -0.155243 -0.130729 -0.077820 0.098857 0.007113 
2.085701 -0.693950 0.811281 0.922693 0.009600 -0.017152 0.233893 -0.129393 -0.239310 -0.012683 -0.009043 -0.120712 
2.014813 -0.656358 0.753871 0.914662 0.129585 0.083973 0.051623 -0.117249 -0.029165 -0.031730 -0.175228 -0.092614 
1.934229 -0.644709 0.932089 0.589223 0.088798 0.143700 -0.099390 -0.107655 0.042048 -0.165721 -0.125514 0.076423 
1.674503 -1.860636 0.290727 0.516734 0.404029 0.504082 0.143800 -0.146605 -0.235237 -0.039971 0.192539 0.017583 
0.986604 -0.625844 0.285073 0.104972 0.256043 0.259315 0.294652 0.063359 0.001801 0.098867 0.029619 -0.011815 
0.967156 -1.821357 0.328480 1.072451 0.406326 0.254848 0.188272 -0.150140 -0.015521 0.233624 0.163826 -0.046826 
1.880253 -0.584272 0.969175 0.686258 -0.002162 0.194866 0.117261 -0.202416 -0.076143 -0.051384 -0.096804 -0.004576 
Distortion - 3.701529

Iteration number - 30
Updated Codebook -
2.411794 -1.056513 0.509364 0.162755 -0.128430 -0.315667 -0.418484 -0.155243 -0.130729 -0.077820 0.098857 0.007113 
2.085823 -0.694279 0.812098 0.922198 0.009249 -0.017073 0.234059 -0.129611 -0.239511 -0.012614 -0.009040 -0.120683 
2.016994 -0.656642 0.750766 0.916986 0.127321 0.083532 0.053692 -0.116195 -0.031092 -0.031233 -0.174009 -0.093631 
1.933974 -0.643805 0.932067 0.590000 0.090439 0.143161 -0.099846 -0.108044 0.042663 -0.165482 -0.126364 0.076126 
1.674503 -1.860636 0.290727 0.516734 0.404029 0.504082 0.143800 -0.146605 -0.235237 -0.039971 0.192539 0.017583 
0.986604 -0.625844 0.285073 0.104972 0.256043 0.259315 0.294652 0.063359 0.001801 0.098867 0.029619 -0.011815 
0.967156 -1.821357 0.328480 1.072451 0.406326 0.254848 0.188272 -0.150140 -0.015521 0.233624 0.163826 -0.046826 
1.880020 -0.584759 0.968977 0.686451 -0.001830 0.194846 0.117007 -0.202247 -0.075919 -0.051429 -0.096825 -0.004606 
Distortion - 3.701465

Iteration number - 31
Updated Codebook -
2.411794 -1.056513 0.509364 0.162755 -0.128430 -0.315667 -0.418484 -0.155243 -0.130729 -0.077820 0.098857 0.007113 
2.085863 -0.694145 0.812488 0.921894 0.008919 -0.016883 0.233908 -0.129919 -0.239461 -0.012499 -0.009138 -0.120755 
2.020312 -0.657010 0.746299 0.919566 0.127188 0.083907 0.054520 -0.113948 -0.031318 -0.031417 -0.173100 -0.094179 
1.934273 -0.644558 0.931889 0.590408 0.090814 0.143454 -0.099843 -0.108366 0.042839 -0.165063 -0.126706 0.075772 
1.674503 -1.860636 0.290727 0.516734 0.404029 0.504082 0.143800 -0.146605 -0.235237 -0.039971 0.192539 0.017583 
0.986604 -0.625844 0.285073 0.104972 0.256043 0.259315 0.294652 0.063359 0.001801 0.098867 0.029619 -0.011815 
0.967156 -1.821357 0.328480 1.072451 0.406326 0.254848 0.188272 -0.150140 -0.015521 0.233624 0.163826 -0.046826 
1.878873 -0.584348 0.969601 0.686649 -0.001256 0.194063 0.116788 -0.202494 -0.075816 -0.051399 -0.097357 -0.004650 
Distortion - 3.701384

Iteration number - 32
Updated Codebook -
2.411620 -1.055962 0.509849 0.162732 -0.128323 -0.315469 -0.418405 -0.154943 -0.130494 -0.077903 0.098909 0.007285 
2.084996 -0.694101 0.813829 0.922301 0.008938 -0.017095 0.234173 -0.129834 -0.239710 -0.012880 -0.009159 -0.120589 
2.023150 -0.660896 0.742487 0.920354 0.124907 0.083170 0.054897 -0.113553 -0.033270 -0.030472 -0.171572 -0.095761 
1.933850 -0.644153 0.931400 0.591827 0.091939 0.143691 -0.099549 -0.109132 0.043153 -0.164762 -0.127862 0.075297 
1.674503 -1.860636 0.290727 0.516734 0.404029 0.504082 0.143800 -0.146605 -0.235237 -0.039971 0.192539 0.017583 
0.986604 -0.625844 0.285073 0.104972 0.256043 0.259315 0.294652 0.063359 0.001801 0.098867 0.029619 -0.011815 
0.967156 -1.821357 0.328480 1.072451 0.406326 0.254848 0.188272 -0.150140 -0.015521 0.233624 0.163826 -0.046826 
1.878984 -0.583582 0.969409 0.686858 -0.000778 0.194127 0.116912 -0.202347 -0.075468 -0.051304 -0.097571 -0.004591 
Distortion - 3.701317

Iteration number - 33
Updated Codebook -
2.411296 -1.055377 0.510092 0.162813 -0.128114 -0.315245 -0.418426 -0.154767 -0.130209 -0.077908 0.098911 0.007388 
2.085192 -0.694459 0.815421 0.921540 0.008321 -0.016338 0.234881 -0.130080 -0.240043 -0.012771 -0.008797 -0.120327 
2.026614 -0.662445 0.741339 0.922483 0.124388 0.080858 0.054714 -0.113041 -0.035098 -0.030341 -0.171182 -0.097181 
1.933300 -0.644979 0.931358 0.592678 0.092229 0.144030 -0.098893 -0.109172 0.042901 -0.164819 -0.128156 0.075023 
1.674503 -1.860636 0.290727 0.516734 0.404029 0.504082 0.143800 -0.146605 -0.235237 -0.039971 0.192539 0.017583 
0.986604 -0.625844 0.285073 0.104972 0.256043 0.259315 0.294652 0.063359 0.001801 0.098867 0.029619 -0.011815 
0.967156 -1.821357 0.328480 1.072451 0.406326 0.254848 0.188272 -0.150140 -0.015521 0.233624 0.163826 -0.046826 
1.878107 -0.582578 0.968515 0.687058 -0.000390 0.194037 0.116896 -0.202445 -0.074988 -0.051276 -0.097830 -0.004454 
Distortion - 3.701205

Iteration number - 34
Updated Codebook -
2.411296 -1.055377 0.510092 0.162813 -0.128114 -0.315245 -0.418426 -0.154767 -0.130209 -0.077908 0.098911 0.007388 
2.086077 -0.694919 0.816000 0.921160 0.007849 -0.016242 0.235553 -0.129943 -0.240603 -0.012830 -0.008632 -0.120247 
2.027004 -0.659959 0.738126 0.923274 0.124690 0.079137 0.054589 -0.113732 -0.035879 -0.029634 -0.170605 -0.098206 
1.932783 -0.645755 0.931319 0.592997 0.092488 0.144271 -0.098740 -0.109091 0.042836 -0.164702 -0.128000 0.074826 
1.674503 -1.860636 0.290727 0.516734 0.404029 0.504082 0.143800 -0.146605 -0.235237 -0.039971 0.192539 0.017583 
0.986604 -0.625844 0.285073 0.104972 0.256043 0.259315 0.294652 0.063359 0.001801 0.098867 0.029619 -0.011815 
0.967156 -1.821357 0.328480 1.072451 0.406326 0.254848 0.188272 -0.150140 -0.015521 0.233624 0.163826 -0.046826 
1.878274 -0.582990 0.968886 0.687734 -0.000400 0.193813 0.116975 -0.202190 -0.074904 -0.051329 -0.097953 -0.004463 
Distortion - 3.701140

Iteration number - 35
Updated Codebook -
2.411296 -1.055377 0.510092 0.162813 -0.128114 -0.315245 -0.418426 -0.154767 -0.130209 -0.077908 0.098911 0.007388 
2.086081 -0.695266 0.815956 0.920800 0.007796 -0.016008 0.235783 -0.129859 -0.240705 -0.012751 -0.008411 -0.120163 
2.028856 -0.659923 0.738072 0.924140 0.123431 0.078728 0.055052 -0.113719 -0.037075 -0.029576 -0.170192 -0.098750 
1.931968 -0.645470 0.931208 0.593447 0.093131 0.143978 -0.098707 -0.109227 0.043167 -0.164571 -0.128286 0.074720 
1.674503 -1.860636 0.290727 0.516734 0.404029 0.504082 0.143800 -0.146605 -0.235237 -0.039971 0.192539 0.017583 
0.986604 -0.625844 0.285073 0.104972 0.256043 0.259315 0.294652 0.063359 0.001801 0.098867 0.029619 -0.011815 
0.967156 -1.821357 0.328480 1.072451 0.406326 0.254848 0.188272 -0.150140 -0.015521 0.233624 0.163826 -0.046826 
1.878274 -0.582990 0.968886 0.687734 -0.000400 0.193813 0.116975 -0.202190 -0.074904 -0.051329 -0.097953 -0.004463 
Distortion - 3.701103

Iteration number - 36
Updated Codebook -
2.411296 -1.055377 0.510092 0.162813 -0.128114 -0.315245 -0.418426 -0.154767 -0.130209 -0.077908 0.098911 0.007388 
2.086081 -0.695266 0.815956 0.920800 0.007796 -0.016008 0.235783 -0.129859 -0.240705 -0.012751 -0.008411 -0.120163 
2.028600 -0.660737 0.738353 0.924718 0.122719 0.078467 0.055378 -0.113444 -0.037621 -0.029537 -0.169863 -0.099071 
1.932276 -0.645028 0.930726 0.593665 0.093590 0.144019 -0.098639 -0.109392 0.043347 -0.164369 -0.128544 0.074616 
1.674503 -1.860636 0.290727 0.516734 0.404029 0.504082 0.143800 -0.146605 -0.235237 -0.039971 0.192539 0.017583 
0.986604 -0.625844 0.285073 0.104972 0.256043 0.259315 0.294652 0.063359 0.001801 0.098867 0.029619 -0.011815 
0.967156 -1.821357 0.328480 1.072451 0.406326 0.254848 0.188272 -0.150140 -0.015521 0.233624 0.163826 -0.046826 
1.878274 -0.582990 0.968886 0.687734 -0.000400 0.193813 0.116975 -0.202190 -0.074904 -0.051329 -0.097953 -0.004463 
Distortion - 3.701088

Iteration number - 37
Updated Codebook -
2.411296 -1.055377 0.510092 0.162813 -0.128114 -0.315245 -0.418426 -0.154767 -0.130209 -0.077908 0.098911 0.007388 
2.086194 -0.695413 0.816203 0.920683 0.007645 -0.015956 0.235924 -0.129767 -0.240803 -0.012714 -0.008235 -0.120134 
2.028548 -0.660552 0.738098 0.924933 0.122679 0.078093 0.055625 -0.113669 -0.038016 -0.029561 -0.169738 -0.099187 
1.932088 -0.644855 0.930534 0.593995 0.093589 0.144018 -0.098512 -0.109555 0.043363 -0.164188 -0.128582 0.074530 
1.674503 -1.860636 0.290727 0.516734 0.404029 0.504082 0.143800 -0.146605 -0.235237 -0.039971 0.192539 0.017583 
0.986604 -0.625844 0.285073 0.104972 0.256043 0.259315 0.294652 0.063359 0.001801 0.098867 0.029619 -0.011815 
0.967156 -1.821357 0.328480 1.072451 0.406326 0.254848 0.188272 -0.150140 -0.015521 0.233624 0.163826 -0.046826 
1.878343 -0.583038 0.969063 0.687613 -0.000508 0.193871 0.117135 -0.202184 -0.075051 -0.051324 -0.097891 -0.004494 
Distortion - 3.701081

