Initial Codebook - 
1.800618 -1.166726 0.585928 0.625700 0.161211 0.148739 0.043946 -0.136038 -0.106141 -0.000681 0.048189 -0.016130 
1.695727 -1.098761 0.551797 0.589251 0.151820 0.140074 0.041386 -0.128114 -0.099958 -0.000642 0.045382 -0.015191 

Iteration number - 1
Updated Codebook -
1.609480 -1.417110 0.565083 0.814617 0.260874 0.263379 0.151362 -0.149033 -0.131827 0.038929 0.076942 -0.038163 
1.923632 -0.772993 0.573644 0.345421 0.024492 -0.006105 -0.094844 -0.110624 -0.066643 -0.050747 0.008635 0.012808 
Distortion - 12.498102

Iteration number - 2
Updated Codebook -
1.530432 -1.451411 0.462034 0.781260 0.298689 0.307247 0.192914 -0.132041 -0.138677 0.064026 0.112038 -0.036180 
1.994457 -0.772301 0.689696 0.410909 -0.004296 -0.039781 -0.127277 -0.132116 -0.062752 -0.073829 -0.027021 0.007549 
Distortion - 9.783691

Iteration number - 3
Updated Codebook -
1.436361 -1.530344 0.394165 0.736766 0.339556 0.348093 0.197520 -0.126434 -0.127703 0.082361 0.138005 -0.027677 
2.031629 -0.771299 0.727674 0.489942 -0.009880 -0.040757 -0.098106 -0.137206 -0.080638 -0.076134 -0.036138 -0.004737 
Distortion - 9.260330

Iteration number - 4
Updated Codebook -
1.367246 -1.614561 0.342114 0.713647 0.372619 0.371919 0.194278 -0.122763 -0.120533 0.089876 0.155332 -0.018751 
2.037914 -0.766263 0.741332 0.526719 -0.007858 -0.028645 -0.072653 -0.139160 -0.089752 -0.069527 -0.035777 -0.013310 
Distortion - 8.961483

Iteration number - 5
Updated Codebook -
1.337810 -1.656947 0.324479 0.706556 0.385461 0.380167 0.191443 -0.122337 -0.119030 0.090981 0.162003 -0.014329 
2.037755 -0.762825 0.741318 0.537557 -0.005046 -0.021964 -0.062322 -0.138949 -0.091773 -0.065331 -0.034521 -0.016600 
Distortion - 8.853532

Iteration number - 6
Updated Codebook -
1.335119 -1.671719 0.318775 0.708414 0.389137 0.381957 0.189562 -0.123340 -0.119265 0.091248 0.163797 -0.013670 
2.032896 -0.761220 0.741251 0.537897 -0.003834 -0.019340 -0.058591 -0.138098 -0.091872 -0.064016 -0.033872 -0.017032 
Distortion - 8.838756

Iteration number - 7
Updated Codebook -
1.332039 -1.677237 0.317909 0.709903 0.390376 0.382600 0.189109 -0.123872 -0.119695 0.091364 0.164797 -0.013545 
2.032221 -0.761078 0.740161 0.537559 -0.003115 -0.018182 -0.057294 -0.137676 -0.091688 -0.063477 -0.033768 -0.017104 
Distortion - 8.837166

Iteration number - 8
Updated Codebook -
1.330393 -1.680658 0.318940 0.711431 0.391232 0.382991 0.188950 -0.123995 -0.120156 0.091306 0.165270 -0.013178 
2.031855 -0.760696 0.738566 0.536887 -0.002863 -0.017598 -0.056664 -0.137564 -0.091434 -0.063110 -0.033668 -0.017346 
Distortion - 8.836927

Iteration number - 9
Updated Codebook -
1.331491 -1.682749 0.319086 0.712065 0.391432 0.383368 0.188661 -0.124339 -0.120335 0.091372 0.165539 -0.013113 
2.030369 -0.760253 0.738023 0.536642 -0.002581 -0.017430 -0.056208 -0.137316 -0.091343 -0.062991 -0.033640 -0.017386 
Distortion - 8.836794

Iteration number - 10
Updated Codebook -
1.332789 -1.684225 0.319535 0.713344 0.391584 0.383544 0.188437 -0.124703 -0.120713 0.091621 0.165924 -0.013063 
2.028754 -0.760231 0.737277 0.535963 -0.002268 -0.017125 -0.055798 -0.137057 -0.091118 -0.062996 -0.033689 -0.017415 
Distortion - 8.836749

Iteration number - 11
Updated Codebook -
1.335441 -1.688110 0.320205 0.715672 0.392172 0.384042 0.188048 -0.125653 -0.121398 0.091827 0.166609 -0.012869 
2.025321 -0.759815 0.735836 0.534821 -0.001728 -0.016509 -0.054957 -0.136389 -0.090729 -0.062768 -0.033676 -0.017535 
Distortion - 8.836686

Iteration number - 12
Updated Codebook -
1.334383 -1.690781 0.319428 0.716692 0.392357 0.384111 0.187923 -0.125953 -0.121815 0.091837 0.167025 -0.013066 
2.024940 -0.759495 0.735700 0.534425 -0.001230 -0.015923 -0.054490 -0.136172 -0.090499 -0.062530 -0.033638 -0.017396 
Distortion - 8.836430

Iteration number - 13
Updated Codebook -
1.334079 -1.692283 0.318820 0.717133 0.392496 0.383965 0.187870 -0.126069 -0.122129 0.091845 0.167248 -0.013192 
2.024597 -0.759226 0.735777 0.534274 -0.001012 -0.015509 -0.054264 -0.136086 -0.090313 -0.062414 -0.033628 -0.017308 
Distortion - 8.836368

Iteration number - 14
Updated Codebook -
1.333353 -1.694627 0.318362 0.717976 0.392613 0.384224 0.187602 -0.126378 -0.122443 0.091818 0.167603 -0.013342 
2.024174 -0.758893 0.735534 0.533953 -0.000572 -0.015157 -0.053767 -0.135867 -0.090146 -0.062193 -0.033600 -0.017203 
Distortion - 8.836326

Iteration number - 15
Updated Codebook -
1.334034 -1.695068 0.318573 0.718249 0.392709 0.384348 0.187543 -0.126502 -0.122520 0.091854 0.167656 -0.013326 
2.023540 -0.758845 0.735284 0.533820 -0.000533 -0.015134 -0.053664 -0.135782 -0.090104 -0.062177 -0.033583 -0.017213 
Distortion - 8.836286

Iteration number - 16
Updated Codebook -
1.334034 -1.695068 0.318573 0.718249 0.392709 0.384348 0.187543 -0.126502 -0.122520 0.091854 0.167656 -0.013326 
2.023540 -0.758845 0.735284 0.533820 -0.000533 -0.015134 -0.053664 -0.135782 -0.090104 -0.062177 -0.033583 -0.017213 
Distortion - 8.836283

Initial Codebook - 
1.374055 -1.745920 0.328130 0.739797 0.404490 0.395878 0.193169 -0.130297 -0.126195 0.094610 0.172685 -0.013726 
1.294013 -1.644216 0.309016 0.696702 0.380927 0.372818 0.181916 -0.122707 -0.118844 0.089098 0.162626 -0.012926 
2.084246 -0.781610 0.757342 0.549835 -0.000549 -0.015588 -0.055274 -0.139856 -0.092807 -0.064042 -0.034590 -0.017729 
1.962833 -0.736080 0.713225 0.517805 -0.000517 -0.014680 -0.052054 -0.131709 -0.087401 -0.060311 -0.032575 -0.016696 

Iteration number - 1
Updated Codebook -
1.284094 -1.906739 0.339624 0.847092 0.411420 0.360611 0.162363 -0.154031 -0.116435 0.120859 0.191670 -0.026311 
1.437348 -1.259523 0.279774 0.458519 0.353091 0.430258 0.238752 -0.070567 -0.132270 0.034557 0.117833 0.012786 
2.022608 -0.709675 0.892025 0.759552 0.018184 0.051954 0.042319 -0.155873 -0.102869 -0.073510 -0.087968 -0.038134 
2.028209 -0.836003 0.498045 0.190753 -0.030973 -0.120484 -0.203153 -0.106114 -0.071621 -0.046171 0.049093 0.014413 
Distortion - 8.668446

Iteration number - 2
Updated Codebook -
1.142845 -1.876030 0.354767 0.931396 0.420665 0.317010 0.156086 -0.156347 -0.066739 0.170668 0.177576 -0.037168 
1.526137 -1.342380 0.277900 0.385849 0.341655 0.446561 0.229595 -0.066122 -0.162847 -0.004372 0.131958 0.016939 
1.965087 -0.644214 0.893481 0.782377 0.038902 0.104431 0.097983 -0.152910 -0.090761 -0.064251 -0.098364 -0.033793 
2.237779 -1.001542 0.491357 0.139441 -0.100314 -0.266710 -0.366419 -0.130557 -0.108205 -0.070762 0.085905 0.010104 
Distortion - 6.223414

Iteration number - 3
Updated Codebook -
1.027299 -1.828063 0.340123 1.020224 0.413933 0.276589 0.173678 -0.153877 -0.027474 0.216292 0.163976 -0.043790 
1.479345 -1.464036 0.277114 0.378392 0.351501 0.437643 0.200070 -0.077379 -0.172337 -0.007983 0.145425 0.010675 
1.965077 -0.639530 0.885980 0.773968 0.041583 0.107877 0.099500 -0.150512 -0.088688 -0.061463 -0.096072 -0.032773 
2.366862 -1.021976 0.526086 0.156272 -0.116140 -0.291489 -0.406617 -0.143731 -0.117383 -0.081766 0.094520 0.012965 
Distortion - 5.503972

Iteration number - 4
Updated Codebook -
0.992821 -1.818552 0.333202 1.053613 0.406853 0.262851 0.183525 -0.151857 -0.018197 0.227634 0.162418 -0.045052 
1.467647 -1.508051 0.276283 0.387296 0.361261 0.437866 0.190308 -0.083920 -0.173748 -0.004733 0.149628 0.007757 
1.959910 -0.636484 0.883023 0.767336 0.043515 0.110695 0.101226 -0.148203 -0.087035 -0.060042 -0.094793 -0.031564 
2.387160 -1.023763 0.528863 0.159901 -0.117912 -0.294338 -0.411170 -0.145607 -0.118866 -0.082468 0.095570 0.012921 
Distortion - 5.360600

Iteration number - 5
Updated Codebook -
0.977613 -1.818005 0.330376 1.065785 0.405274 0.256558 0.187224 -0.150629 -0.016368 0.231521 0.162441 -0.046520 
1.468013 -1.532545 0.278512 0.395857 0.365562 0.441738 0.186815 -0.087886 -0.174580 -0.003669 0.152479 0.008603 
1.955152 -0.633227 0.877829 0.762404 0.045154 0.111490 0.102673 -0.146462 -0.085880 -0.058538 -0.094059 -0.031829 
2.386216 -1.024514 0.528640 0.159706 -0.118030 -0.294215 -0.411140 -0.145655 -0.118951 -0.082561 0.095448 0.012869 
Distortion - 5.345950

Iteration number - 6
Updated Codebook -
0.974621 -1.818290 0.329964 1.069731 0.404743 0.254296 0.188717 -0.150082 -0.016579 0.232711 0.162774 -0.047454 
1.468000 -1.538934 0.278635 0.398400 0.366074 0.442924 0.185743 -0.089288 -0.174811 -0.003514 0.153271 0.009007 
1.953212 -0.632519 0.876405 0.760521 0.046180 0.111846 0.102836 -0.145796 -0.085161 -0.058071 -0.093962 -0.031736 
2.386310 -1.025081 0.528437 0.159689 -0.118333 -0.294543 -0.411273 -0.145810 -0.119181 -0.082520 0.095568 0.012758 
Distortion - 5.342924

Iteration number - 7
Updated Codebook -
0.974212 -1.817911 0.330596 1.070693 0.404360 0.253650 0.189078 -0.149930 -0.016705 0.233105 0.162741 -0.047936 
1.469001 -1.543279 0.278484 0.399237 0.366818 0.443927 0.185189 -0.090377 -0.175312 -0.003622 0.153733 0.009381 
1.951372 -0.631904 0.875084 0.759391 0.046529 0.111979 0.103211 -0.145091 -0.084838 -0.057868 -0.093745 -0.031740 
2.386310 -1.025081 0.528437 0.159689 -0.118333 -0.294543 -0.411273 -0.145810 -0.119181 -0.082520 0.095568 0.012758 
Distortion - 5.342558

Iteration number - 8
Updated Codebook -
0.974212 -1.817911 0.330596 1.070693 0.404360 0.253650 0.189078 -0.149930 -0.016705 0.233105 0.162741 -0.047936 
1.468745 -1.544113 0.278139 0.399280 0.366789 0.443973 0.185118 -0.090406 -0.175396 -0.003717 0.153821 0.009357 
1.951345 -0.631730 0.875068 0.759220 0.046676 0.112082 0.103290 -0.145050 -0.084819 -0.057785 -0.093702 -0.031708 
2.386310 -1.025081 0.528437 0.159689 -0.118333 -0.294543 -0.411273 -0.145810 -0.119181 -0.082520 0.095568 0.012758 
Distortion - 5.342478

Iteration number - 9
Updated Codebook -
0.974212 -1.817911 0.330596 1.070693 0.404360 0.253650 0.189078 -0.149930 -0.016705 0.233105 0.162741 -0.047936 
1.468586 -1.544858 0.277906 0.399322 0.366771 0.444014 0.185082 -0.090514 -0.175444 -0.003671 0.153944 0.009356 
1.951254 -0.631614 0.874980 0.759049 0.046816 0.112188 0.103345 -0.144959 -0.084825 -0.057793 -0.093683 -0.031691 
2.386310 -1.025081 0.528437 0.159689 -0.118333 -0.294543 -0.411273 -0.145810 -0.119181 -0.082520 0.095568 0.012758 
Distortion - 5.342475

Initial Codebook - 
1.003439 -1.872448 0.340514 1.102814 0.416491 0.261259 0.194751 -0.154428 -0.017206 0.240098 0.167623 -0.049374 
0.944986 -1.763374 0.320679 1.038572 0.392229 0.246040 0.183406 -0.145432 -0.016203 0.226112 0.157858 -0.046498 
1.512644 -1.591204 0.286243 0.411302 0.377774 0.457334 0.190635 -0.093229 -0.180707 -0.003781 0.158563 0.009636 
1.424528 -1.498513 0.269569 0.387342 0.355768 0.430693 0.179530 -0.087798 -0.170180 -0.003560 0.149326 0.009075 
2.009792 -0.650563 0.901230 0.781820 0.048220 0.115554 0.106446 -0.149308 -0.087370 -0.059527 -0.096493 -0.032642 
1.892717 -0.612666 0.848731 0.736277 0.045411 0.108823 0.100245 -0.140610 -0.082280 -0.056059 -0.090873 -0.030740 
2.457899 -1.055833 0.544290 0.164480 -0.121883 -0.303379 -0.423611 -0.150184 -0.122757 -0.084996 0.098435 0.013141 
2.314721 -0.994328 0.512584 0.154899 -0.114783 -0.285707 -0.398934 -0.141435 -0.115606 -0.080045 0.092701 0.012376 

Iteration number - 1
Updated Codebook -
0.944028 -1.826065 0.273839 1.136026 0.414181 0.230271 0.223909 -0.172006 -0.036344 0.281154 0.187907 -0.087974 
1.007535 -1.808125 0.393873 0.992918 0.394763 0.281850 0.148454 -0.125051 0.005807 0.177584 0.134358 -0.001438 
1.673953 -1.889902 0.313557 0.513581 0.410830 0.504592 0.136641 -0.148614 -0.235205 -0.041581 0.198383 0.018762 
0.992654 -0.728846 0.194627 0.126874 0.262373 0.302051 0.300334 0.046930 -0.036837 0.084212 0.049142 -0.013130 
2.009316 -0.718811 0.958056 0.881141 0.004325 0.074909 0.145336 -0.147489 -0.129806 -0.042803 -0.100365 -0.075277 
1.893783 -0.545760 0.792688 0.638763 0.088450 0.148853 0.061567 -0.142714 -0.040247 -0.072602 -0.087019 0.011335 
2.492334 -1.146349 0.534415 0.167982 -0.133603 -0.344959 -0.444765 -0.167187 -0.158798 -0.078621 0.108001 -0.011871 
2.229395 -0.845604 0.519591 0.147417 -0.095733 -0.219927 -0.361704 -0.114172 -0.060548 -0.088291 0.077168 0.049209 
Distortion - 5.177377

Iteration number - 2
Updated Codebook -
0.934127 -1.790088 0.233306 1.133252 0.412882 0.223848 0.238442 -0.178244 -0.053762 0.277879 0.194547 -0.094727 
1.020667 -1.853577 0.447023 0.974118 0.404078 0.301161 0.122717 -0.117695 0.027734 0.173175 0.127262 0.013053 
1.680776 -1.878246 0.297698 0.510888 0.408374 0.504842 0.139482 -0.148343 -0.240935 -0.045127 0.196257 0.017744 
1.014597 -0.638242 0.233831 0.109986 0.241760 0.270747 0.312022 0.060818 -0.015495 0.098413 0.036179 -0.016904 
2.026123 -0.692500 0.884352 0.902343 0.004381 0.034073 0.181726 -0.143919 -0.173551 -0.019480 -0.066392 -0.106221 
1.912148 -0.594627 0.888441 0.659191 0.078829 0.181192 0.022966 -0.157500 -0.012646 -0.100714 -0.120146 0.034052 
2.448860 -1.119663 0.511438 0.172965 -0.141291 -0.348396 -0.420142 -0.183793 -0.176961 -0.060613 0.105650 -0.023253 
2.279675 -0.855492 0.562924 0.137828 -0.077924 -0.198485 -0.396072 -0.078652 -0.016381 -0.121737 0.077873 0.076824 
Distortion - 3.944750

Iteration number - 3
Updated Codebook -
0.936331 -1.789560 0.228045 1.133744 0.409809 0.221368 0.240625 -0.173490 -0.058618 0.269975 0.195130 -0.088409 
1.024434 -1.853894 0.465250 0.961690 0.408571 0.309033 0.112261 -0.119950 0.038239 0.175907 0.122112 0.011464 
1.683474 -1.866632 0.290677 0.510512 0.405631 0.505842 0.144108 -0.147443 -0.242005 -0.044294 0.195310 0.017273 
1.014996 -0.624441 0.259443 0.107051 0.244355 0.264346 0.304237 0.061932 -0.008146 0.097749 0.032302 -0.015453 
2.051535 -0.680292 0.847878 0.903187 0.019413 0.029438 0.193333 -0.140953 -0.186360 -0.012286 -0.051896 -0.111773 
1.898425 -0.612355 0.920484 0.674569 0.059751 0.176000 0.020139 -0.161112 -0.010631 -0.103941 -0.130619 0.031442 
2.439321 -1.107108 0.499392 0.173001 -0.143425 -0.345823 -0.415256 -0.185697 -0.173370 -0.057798 0.103391 -0.020109 
2.280141 -0.852033 0.594406 0.134691 -0.065800 -0.186500 -0.402072 -0.064034 -0.007525 -0.133202 0.079883 0.080432 
Distortion - 3.720320

Iteration number - 4
Updated Codebook -
0.936076 -1.791796 0.227484 1.136286 0.407780 0.218232 0.239954 -0.168086 -0.059639 0.263417 0.194546 -0.082988 
1.036062 -1.852771 0.479690 0.945408 0.411493 0.320126 0.104986 -0.124937 0.044663 0.178603 0.118625 0.009558 
1.684356 -1.865029 0.289469 0.510429 0.404778 0.505538 0.145435 -0.146886 -0.242671 -0.044501 0.195431 0.017311 
1.025007 -0.616354 0.274658 0.108947 0.247804 0.264817 0.299199 0.061228 -0.005517 0.096001 0.028993 -0.013734 
2.058765 -0.677432 0.834142 0.902535 0.024975 0.027636 0.199233 -0.138735 -0.192478 -0.010776 -0.045164 -0.112842 
1.898833 -0.619134 0.929200 0.686322 0.051216 0.171323 0.020467 -0.163910 -0.012353 -0.103226 -0.133847 0.027407 
2.442047 -1.105217 0.492674 0.172477 -0.145552 -0.345834 -0.414993 -0.184247 -0.168000 -0.057185 0.102570 -0.016334 
2.260039 -0.833480 0.619089 0.132657 -0.053022 -0.170991 -0.400611 -0.056711 -0.004987 -0.140995 0.079123 0.080653 
Distortion - 3.693198

Iteration number - 5
Updated Codebook -
0.937279 -1.795187 0.229650 1.136503 0.407148 0.216572 0.239895 -0.164930 -0.059769 0.260329 0.193659 -0.079390 
1.046829 -1.846523 0.485157 0.935401 0.412424 0.328339 0.099747 -0.128851 0.048017 0.179207 0.116705 0.007592 
1.683546 -1.864769 0.288746 0.510072 0.404553 0.505420 0.145973 -0.146364 -0.243233 -0.044914 0.195574 0.017360 
1.026458 -0.614722 0.279873 0.109660 0.248263 0.265847 0.297214 0.060645 -0.003688 0.095638 0.028737 -0.012816 
2.064487 -0.678293 0.830380 0.903525 0.027727 0.024891 0.202596 -0.136828 -0.196415 -0.010468 -0.041049 -0.113938 
1.898894 -0.620696 0.929921 0.692677 0.047672 0.168692 0.022499 -0.165339 -0.014440 -0.101553 -0.135487 0.024620 
2.441294 -1.105845 0.488851 0.169008 -0.146105 -0.344228 -0.415130 -0.182795 -0.164996 -0.057500 0.103246 -0.012833 
2.246386 -0.808949 0.640443 0.137767 -0.043705 -0.158701 -0.397282 -0.050769 0.000220 -0.146319 0.075001 0.079185 
Distortion - 3.684052

Iteration number - 6
Updated Codebook -
0.934054 -1.796990 0.233372 1.136843 0.406232 0.215434 0.238997 -0.162634 -0.058708 0.257813 0.192580 -0.076652 
1.062131 -1.844396 0.488537 0.924917 0.414291 0.335711 0.095116 -0.131783 0.049653 0.179052 0.115881 0.006855 
1.683272 -1.865407 0.288431 0.509477 0.404395 0.505477 0.146366 -0.146046 -0.243893 -0.045422 0.195638 0.017423 
1.028737 -0.613937 0.282906 0.110591 0.248206 0.266639 0.296536 0.060452 -0.003514 0.095287 0.028773 -0.012801 
2.065699 -0.678624 0.827723 0.903944 0.027845 0.023634 0.204641 -0.136181 -0.198335 -0.010186 -0.039715 -0.114827 
1.900254 -0.621529 0.930408 0.695960 0.047019 0.167464 0.023484 -0.165831 -0.015486 -0.100594 -0.135623 0.023446 
2.441826 -1.105860 0.485250 0.166234 -0.146520 -0.343533 -0.415553 -0.179698 -0.161489 -0.059071 0.103937 -0.008936 
2.225532 -0.780092 0.666173 0.143730 -0.032276 -0.141738 -0.393557 -0.047373 0.006177 -0.150756 0.069510 0.077272 
Distortion - 3.679524

Iteration number - 7
Updated Codebook -
0.931762 -1.798505 0.236498 1.136362 0.406335 0.215109 0.237378 -0.161453 -0.056993 0.256315 0.191405 -0.074851 
1.075033 -1.843206 0.492810 0.916338 0.414349 0.341918 0.092345 -0.133185 0.050578 0.178390 0.115013 0.007076 
1.682612 -1.865679 0.288223 0.509295 0.404408 0.505305 0.146427 -0.145794 -0.244238 -0.045802 0.195715 0.017481 
1.030435 -0.613367 0.284227 0.111203 0.248197 0.267014 0.296752 0.059876 -0.003800 0.095303 0.028697 -0.012586 
2.066618 -0.678411 0.828177 0.903839 0.027684 0.023305 0.205276 -0.136247 -0.198914 -0.010111 -0.039176 -0.114820 
1.899876 -0.622024 0.929843 0.696955 0.046936 0.167178 0.023515 -0.165654 -0.015509 -0.100400 -0.135840 0.022928 
2.441797 -1.104881 0.480245 0.161581 -0.147456 -0.341571 -0.415901 -0.176333 -0.156528 -0.061339 0.104273 -0.003635 
2.194896 -0.737084 0.708629 0.157178 -0.012815 -0.119193 -0.389034 -0.040191 0.013433 -0.156700 0.062906 0.072078 
Distortion - 3.675586

Iteration number - 8
Updated Codebook -
0.931570 -1.800451 0.239413 1.136045 0.406821 0.214681 0.236252 -0.159900 -0.056019 0.255523 0.190820 -0.073847 
1.079461 -1.841015 0.493950 0.911165 0.413809 0.345845 0.090752 -0.135217 0.051170 0.177625 0.114244 0.007362 
1.682878 -1.865752 0.288145 0.509109 0.404382 0.505360 0.146459 -0.145722 -0.244350 -0.045931 0.195746 0.017510 
1.028850 -0.614133 0.283104 0.111201 0.247696 0.266901 0.297739 0.059972 -0.004091 0.095477 0.028537 -0.012775 
2.067299 -0.678287 0.827395 0.903961 0.027539 0.022323 0.205815 -0.135938 -0.199551 -0.010437 -0.038830 -0.114687 
1.900433 -0.622051 0.930282 0.697963 0.046958 0.167322 0.023736 -0.165885 -0.015605 -0.099815 -0.135834 0.022354 
2.441284 -1.104619 0.475337 0.157500 -0.148353 -0.340340 -0.417126 -0.173184 -0.151669 -0.063652 0.104129 0.000622 
2.159148 -0.689089 0.757560 0.171350 0.010572 -0.091321 -0.379011 -0.034358 0.017450 -0.159886 0.057634 0.065972 
Distortion - 3.669526

Iteration number - 9
Updated Codebook -
0.930174 -1.802218 0.241473 1.136450 0.406671 0.214584 0.235452 -0.159573 -0.054985 0.255395 0.190124 -0.073430 
1.084508 -1.837898 0.493390 0.906952 0.414266 0.348235 0.089570 -0.135541 0.050721 0.176394 0.114418 0.007855 
1.683175 -1.866076 0.288282 0.508870 0.404333 0.505374 0.146653 -0.145678 -0.244499 -0.046012 0.195767 0.017517 
1.028850 -0.614133 0.283104 0.111201 0.247696 0.266901 0.297739 0.059972 -0.004091 0.095477 0.028537 -0.012775 
2.067491 -0.678451 0.827445 0.903845 0.027224 0.021577 0.205899 -0.136174 -0.200191 -0.010490 -0.038437 -0.114917 
1.900482 -0.622053 0.929891 0.698753 0.047099 0.167560 0.024459 -0.165602 -0.015675 -0.099388 -0.135831 0.022054 
2.440599 -1.103762 0.473660 0.156616 -0.148997 -0.340449 -0.419403 -0.169882 -0.145622 -0.065369 0.102989 0.003864 
2.126951 -0.639958 0.802070 0.178632 0.033978 -0.058767 -0.363959 -0.032073 0.012089 -0.165139 0.055858 0.060230 
Distortion - 3.664122

Iteration number - 10
Updated Codebook -
0.931240 -1.803538 0.243553 1.136009 0.406573 0.215038 0.234101 -0.159035 -0.053831 0.255212 0.189287 -0.073034 
1.086112 -1.836456 0.495435 0.902635 0.414599 0.350416 0.088635 -0.135918 0.051105 0.174960 0.114160 0.008979 
1.683175 -1.866076 0.288282 0.508870 0.404333 0.505374 0.146653 -0.145678 -0.244499 -0.046012 0.195767 0.017517 
1.028096 -0.614666 0.281313 0.111337 0.247401 0.266409 0.298534 0.060041 -0.004076 0.095910 0.028417 -0.012689 
2.067491 -0.678451 0.827445 0.903845 0.027224 0.021577 0.205899 -0.136174 -0.200191 -0.010490 -0.038437 -0.114917 
1.900082 -0.622227 0.929475 0.700067 0.046323 0.167277 0.025736 -0.165784 -0.015976 -0.098941 -0.136139 0.021902 
2.438173 -1.100330 0.474118 0.157291 -0.147683 -0.339860 -0.421049 -0.167870 -0.142868 -0.067259 0.102063 0.005066 
2.102647 -0.610778 0.838417 0.182922 0.051805 -0.024598 -0.347269 -0.031431 0.014482 -0.166196 0.052675 0.059003 
Distortion - 3.658885

Iteration number - 11
Updated Codebook -
0.930530 -1.803622 0.245168 1.135488 0.406811 0.215374 0.233085 -0.158812 -0.052712 0.255198 0.188648 -0.072824 
1.086367 -1.833194 0.498778 0.896183 0.415636 0.352374 0.087218 -0.135191 0.051460 0.173734 0.113641 0.010050 
1.683175 -1.866076 0.288282 0.508870 0.404333 0.505374 0.146653 -0.145678 -0.244499 -0.046012 0.195767 0.017517 
1.030339 -0.612461 0.278405 0.110976 0.246011 0.265968 0.300385 0.060288 -0.004757 0.095893 0.028508 -0.013109 
2.068448 -0.678369 0.827047 0.904421 0.027281 0.021046 0.206300 -0.135799 -0.200656 -0.010621 -0.038062 -0.114943 
1.899888 -0.622445 0.929464 0.700244 0.046228 0.167234 0.025969 -0.165963 -0.016174 -0.098598 -0.136124 0.021531 
2.438434 -1.097389 0.476320 0.158895 -0.146047 -0.338894 -0.421218 -0.166990 -0.142221 -0.068427 0.101645 0.005157 
2.078185 -0.599493 0.846656 0.175540 0.054923 -0.010569 -0.340516 -0.027967 0.020151 -0.165505 0.051465 0.062044 
Distortion - 3.656257

Iteration number - 12
Updated Codebook -
0.930652 -1.803579 0.246223 1.135282 0.406493 0.216246 0.232050 -0.158714 -0.051585 0.255264 0.187852 -0.072586 
1.088905 -1.833792 0.501388 0.892317 0.416355 0.353248 0.086477 -0.134947 0.051300 0.172177 0.113728 0.011093 
1.683175 -1.866076 0.288282 0.508870 0.404333 0.505374 0.146653 -0.145678 -0.244499 -0.046012 0.195767 0.017517 
1.028625 -0.613034 0.277060 0.110357 0.246016 0.265587 0.300173 0.060870 -0.004470 0.095878 0.028584 -0.013328 
2.068116 -0.678732 0.827759 0.904580 0.026985 0.020613 0.206603 -0.135850 -0.200983 -0.010488 -0.037789 -0.115065 
1.900498 -0.622091 0.928785 0.700379 0.046535 0.167436 0.026415 -0.165919 -0.016438 -0.098359 -0.136016 0.021381 
2.438248 -1.095683 0.478590 0.159785 -0.144990 -0.338078 -0.421377 -0.166359 -0.142079 -0.069355 0.101559 0.004920 
2.065965 -0.590255 0.848237 0.171451 0.056701 -0.002844 -0.336723 -0.026204 0.025354 -0.164160 0.050082 0.065385 
Distortion - 3.655518

Iteration number - 13
Updated Codebook -
0.930830 -1.804303 0.247151 1.135471 0.406190 0.216311 0.231441 -0.158315 -0.051090 0.254943 0.187598 -0.072169 
1.090198 -1.832795 0.502318 0.889498 0.417003 0.354529 0.086090 -0.135425 0.051457 0.171909 0.113431 0.011195 
1.683175 -1.866076 0.288282 0.508870 0.404333 0.505374 0.146653 -0.145678 -0.244499 -0.046012 0.195767 0.017517 
1.028625 -0.613034 0.277060 0.110357 0.246016 0.265587 0.300173 0.060870 -0.004470 0.095878 0.028584 -0.013328 
2.068564 -0.678734 0.827821 0.904563 0.026796 0.020694 0.206804 -0.136030 -0.201177 -0.010405 -0.037747 -0.115084 
1.900429 -0.622394 0.929017 0.700838 0.046506 0.167355 0.026439 -0.165836 -0.016416 -0.098269 -0.135995 0.021252 
2.438234 -1.095232 0.479220 0.160241 -0.144593 -0.337986 -0.421495 -0.166143 -0.141925 -0.069592 0.101437 0.004886 
2.060333 -0.585542 0.846637 0.169697 0.057746 0.000501 -0.333560 -0.026133 0.025946 -0.164183 0.049350 0.066302 
Distortion - 3.655246

Iteration number - 14
Updated Codebook -
0.930830 -1.804303 0.247151 1.135471 0.406190 0.216311 0.231441 -0.158315 -0.051090 0.254943 0.187598 -0.072169 
1.090198 -1.832795 0.502318 0.889498 0.417003 0.354529 0.086090 -0.135425 0.051457 0.171909 0.113431 0.011195 
1.683175 -1.866076 0.288282 0.508870 0.404333 0.505374 0.146653 -0.145678 -0.244499 -0.046012 0.195767 0.017517 
1.028625 -0.613034 0.277060 0.110357 0.246016 0.265587 0.300173 0.060870 -0.004470 0.095878 0.028584 -0.013328 
2.068564 -0.678734 0.827821 0.904563 0.026796 0.020694 0.206804 -0.136030 -0.201177 -0.010405 -0.037747 -0.115084 
1.900429 -0.622394 0.929017 0.700838 0.046506 0.167355 0.026439 -0.165836 -0.016416 -0.098269 -0.135995 0.021252 
2.437904 -1.094985 0.479541 0.160342 -0.144364 -0.337879 -0.421616 -0.166146 -0.141863 -0.069704 0.101319 0.004851 
2.060099 -0.584169 0.846858 0.169205 0.057592 0.001719 -0.332447 -0.025377 0.026502 -0.164084 0.049707 0.066815 
Distortion - 3.655188

Iteration number - 15
Updated Codebook -
0.930830 -1.804303 0.247151 1.135471 0.406190 0.216311 0.231441 -0.158315 -0.051090 0.254943 0.187598 -0.072169 
1.090198 -1.832795 0.502318 0.889498 0.417003 0.354529 0.086090 -0.135425 0.051457 0.171909 0.113431 0.011195 
1.683175 -1.866076 0.288282 0.508870 0.404333 0.505374 0.146653 -0.145678 -0.244499 -0.046012 0.195767 0.017517 
1.028625 -0.613034 0.277060 0.110357 0.246016 0.265587 0.300173 0.060870 -0.004470 0.095878 0.028584 -0.013328 
2.068564 -0.678734 0.827821 0.904563 0.026796 0.020694 0.206804 -0.136030 -0.201177 -0.010405 -0.037747 -0.115084 
1.900429 -0.622394 0.929017 0.700838 0.046506 0.167355 0.026439 -0.165836 -0.016416 -0.098269 -0.135995 0.021252 
2.437904 -1.094985 0.479541 0.160342 -0.144364 -0.337879 -0.421616 -0.166146 -0.141863 -0.069704 0.101319 0.004851 
2.060099 -0.584169 0.846858 0.169205 0.057592 0.001719 -0.332447 -0.025377 0.026502 -0.164084 0.049707 0.066815 
Distortion - 3.655183

